#configuration file for waypoints.
coordinate_type: 'enu'
path_mode: 'polynomial'
intermediate_poses: true
intermediate_pose_separation: 1.0
reference_speed: 1.0
reference_acceleration: 1.0
takeoff_height: 1.0
landing_height: 0.0
heading_mode: 'auto'
easting: [1.99879, 6.9972, 11.9956, 16.994, 21.9925, 26.3493, 21.3509, 16.3525, 11.3541, 6.35567, 1.99879, 6.9972, 11.9956, 16.994, 21.9925, 26.3493, 21.3509, 16.3525, 11.3541, 6.35567, 26.3493, 26.3346, 26.3198, 26.305, 26.2902, 26.2843, 26.2991, 26.3139, 26.3287, 26.3434, 26.3493, 26.3346, 26.3198, 26.305, 26.2902, 26.2843, 26.2991, 26.3139, 26.3287, 26.3434, 26.2843, 21.2877, 16.2911, 11.2945, 6.29789, 2.39416, 7.39077, 12.3874, 17.384, 22.3806, 26.2843, 21.2877, 16.2911, 11.2945, 6.29789, 2.39416, 7.39077, 12.3874, 17.384, 22.3806, 2.39416, 2.30322, 2.21227, 2.12133, 2.03039, 1.99879, 2.08973, 2.18067, 2.27161, 2.36256, 2.39416, 2.30322, 2.21227, 2.12133, 2.03039, 1.99879, 2.08973, 2.18067, 2.27161, 2.36256]
northing: [2.28154, 2.40733, 2.53312, 2.6589, 2.78469, 2.89433, 2.76855, 2.64276, 2.51697, 2.39119, 2.28154, 2.40733, 2.53312, 2.6589, 2.78469, 2.89433, 2.76855, 2.64276, 2.51697, 2.39119, 2.89433, 7.89431, 12.8943, 17.8943, 22.8942, 24.8956, 19.8956, 14.8956, 9.89562, 4.89564, 2.89433, 7.89431, 12.8943, 17.8943, 22.8942, 24.8956, 19.8956, 14.8956, 9.89562, 4.89564, 24.8956, 24.7115, 24.5274, 24.3434, 24.1593, 24.0155, 24.1996, 24.3836, 24.5677, 24.7517, 24.8956, 24.7115, 24.5274, 24.3434, 24.1593, 24.0155, 24.1996, 24.3836, 24.5677, 24.7517, 24.0155, 19.0163, 14.0171, 9.01797, 4.0188, 2.28154, 7.28072, 12.2799, 17.2791, 22.2782, 24.0155, 19.0163, 14.0171, 9.01797, 4.0188, 2.28154, 7.28072, 12.2799, 17.2791, 22.2782]
height: [7, 7, 7, 7, 7, 12, 12, 12, 12, 12, 17, 17, 17, 17, 17, 20, 20, 20, 20, 20, 20, 20, 20, 20, 20, 15, 15, 15, 15, 15, 10, 10, 10, 10, 10, 7, 7, 7, 7, 7, 7, 7, 7, 7, 7, 12, 12, 12, 12, 12, 17, 17, 17, 17, 17, 20, 20, 20, 20, 20, 20, 20, 20, 20, 20, 15, 15, 15, 15, 15, 10, 10, 10, 10, 10, 7, 7, 7, 7, 7]
heading: [42.6963, 56.739, 77.6802, 102.899, 124.477, 137.576, 122.102, 99.7052, 74.6186, 54.5736, 42.6963, 56.739, 77.6802, 102.899, 124.477, 137.576, 122.102, 99.7052, 74.6186, 54.5736, 137.576, 153.696, 175.784, -160.815, -142.381, -136.767, -152.661, -174.577, 161.939, 143.274, 137.576, 153.696, 175.784, -160.815, -142.381, -136.767, -152.661, -174.577, 161.939, 143.274, -136.767, -122.003, -99.7136, -73.3861, -51.8834, -40.3621, -55.9114, -79.0054, -105.203, -125.835, -136.767, -122.003, -99.7136, -73.3861, -51.8834, -40.3621, -55.9114, -79.0054, -105.203, -125.835, -40.3621, -23.3636, -1.1603, 21.0767, 38.136, 42.6963, 27.6982, 6.92164, -16.0773, -35.1446, -40.3621, -23.3636, -1.1603, 21.0767, 38.136, 42.6963, 27.6982, 6.92164, -16.0773, -35.1446]